0.15298148577706025
0.5692999444758985
0.6776197960961702
0.3851773582329868
0.8962592645065204
0.3309569942443431
0.6250691686873646
0.7138417077780895
0.853076156160364
0.8391340169306537
0.8381312595857918
0.4340314657585842
0.13288363261748273
0.4258300785095571
0.24371973483065132
0.5953200103693269
0.6922205377799554
0.1775791762292288
0.9244157611040472
0.4732042534617727
0.04251885322971216
0.4275642514357177
0.9539810535283672
0.6194348678083321
0.7405039760007076
0.8674255301558531
0.4977661531873821
0.6699805081216528
0.6291075403006317
0.6500778517919024
0.9079838469196035
0.28827465618414555
0.30592866489008474
0.4825829092797744
0.7596138439884473
0.31986316634335704
0.11490256018699266
0.461482786322703
0.23557858319747196
0.6137895251688499
0.23416942555185846
0.592340813759873
0.883421002832903
0.6152277470637242
0.6585785130311634
0.24340252729291215
0.2833949561619176
0.7579288919260394
0.9855421618491141
0.10569461859096523
0.9849340044823168
0.7493303659136082
0.9260930157853724
0.43596497570907927
0.4653424529663019
0.5455471363596373
0.10581921604732947
0.9993778206405126
0.9667801381865424
0.44405040258730316
0.7569832917102535
0.3404741456454965
0.027484453761710066
0.7020675315065624
0.5018133532729994
0.03237584095093228
0.814218542452072
0.14326270396973131
0.4339833229007122
0.808979740277389
0.26104292984169114
0.803266388272525
0.47182830305389517
0.6240167145729143
0.9108291491450877
0.6338583825313758
0.9779831720413562
0.2256976083040692
0.6492504457241159
0.9682655487993106
0.14630609152200916
0.34134385890389973
0.009413150143536343
0.3821705786428277
0.7560016679372646
0.9565129997006212
0.8390085486876818
0.7816537030887108
0.2059017951627736
0.08555430224423963
0.791723631691059
0.2914253591054237
0.39350937790866447
0.09118102914243054
0.39945773426418085
0.22429066627486174
0.7347517538511901
0.20191015079706448
0.40488912509981967
0.4029576933956508
0.17081790145990342
0.5509213709975227
0.5254994214165487
0.38257119822435603
0.09430948788966494
0.4132899220163421
0.9178256508511611
0.3619922363953629
0.7272430405613235
0.7488109356485358
0.8526746904722763
0.45998378724790356
0.8773942435520674
0.6975305018469368
0.494854653484586
0.12897835445077083
0.9141476931581961
0.8232964392859938
0.34242077420578376
0.9931916873870379
0.3559418597053466
0.6695098367843357
0.9093314166689903
0.3368140288334405
0.34998581900726344
0.16546929961325102
0.3685616312402122
0.8385015962824699
0.3105541511022272
0.759427855610581
0.34201817835775117
0.5594875070077775
0.02145077242583538
0.4502357674996535
0.33073297577478594
0.8114736246929847
0.6433375550635799
0.5471204740680384
0.052403738280946265
0.5808505595572528
0.23736038815107216
0.6232964404035809
0.14247472125220798
0.3972695653314095
0.5991881124671493
0.4093769017650638
0.03242510139589436
0.1920694812164034
0.3859277970092035
0.12068943126159228
0.7995364283209371
0.42293147995273184
0.32546879831956177
0.7043636835666204
0.3393694443345859
0.702447474795602
0.8420558585049844
0.8783458941049622
0.6346543406297706
0.3996765396556242
0.7862457166361836
0.8669877452156449
0.3654493043969615
0.6033725457281678
0.3961548443865752
0.7904933843717414
0.9061570083285482
0.10494902734875168
0.9944991515923753
0.46854651554885623
0.20885205883944968
0.4977322390758117
0.03291242850614359
0.7158364200572653
0.13983258425250303
0.8586744525743064
0.07450021434319215
0.19984656022854455
0.793308792073889
0.8087021986994437
0.8638334208465337
0.10305768302784193
0.6974174369580194
0.037099400552501625
0.8251640698058363
0.4948135975258488
0.1471661702483735
0.858204059236778
0.36814341850957993
0.6509548759325198
0.24281613865998394
0.9778292560846681
0.7960204630140311
0.7037701502925577
0.6889247720543876
0.08767183734461285
0.0072604618069066025
0.46975188118859745
0.3930568547887061
0.247437505632377
0.05583438047013915
0.18137967408698968
0.37824785307899483
0.40211597615951483
0.5402851959412382
0.10669327951348073
0.19129539522868366
0.020023083789284846
0.5342775925687876
0.1136708879441353
0.007431951354924567
0.7477238535637613
0.37813537632028354
0.9727503564081855
0.6324541795218616
0.1956996997798326
0.6202080722992346
0.06385795635350884
0.4874111402255535
0.8231498276922619
0.2653325331701583
0.8667086567109026
0.8935680919762552
0.4253677858157865
0.928389113828721
0.27091362619349435
0.271649986166344
0.8164822355920832
0.41399426544736806
0.9171874099025444
0.553463405721571
0.23205758595469295
0.6517316189835461
0.7369799547535274
0.7593959075209665
0.7998519445768799
0.6532166705714616
0.4219051550244471
0.7837381850852343
0.8259322493457851
0.575608170393672
0.18199307293723946
0.9876237534860259
0.5862045239592923
0.6785760390006825
0.5439786019474169
0.3910946037578837
0.5276179968042383
0.6483237373867649
0.2351273965254088
0.8345576780077805
0.9336751135688625
0.4314070825611274
0.45128230818141357
0.8482982250155408
0.20361972516571158
0.9277534740640565
0.5879465460721155
0.7677254470846269
0.8750562220230029
0.8388932723733099
0.21715073204466642
0.08298652809252335
0.8426975541946933
0.8536385320376785
0.9855799907751288
0.9317347062433766
0.766005074030722
0.8309285369845706
0.7514087822062004
0.25332587550083446
0.29333630078161893
0.6365750295280362
0.11325034783838799
0.7075405068264997
0.687805021967648
0.03621540034013586
0.15358981869816307
0.9341383790290627
0.7936941118881544
0.4084749531040317
0.49446128471496575
0.14067447611162182
0.49763638409675864
0.4058967346352976
0.04127758044808991
0.5100858097477284
0.352122332599071
0.297116889756693
0.12938544532721186
0.5648313898429421
0.9760191086568027
0.41839397252462524
0.29544773618478687
0.5576733758475974
0.45152553937003276
0.5893109308505947
0.6279430890585962
0.4408519474979732
0.364357674664053
0.9093137085015484
0.4820230782413963
0.7360097904391633
0.9285942888486173
0.17491701160320872
0.4190670984885968
0.7879111430551443
0.2587864148704272
0.8790322103905641
0.7638277629221919
0.7299440171243362
0.12765060883371654
0.8225390123308353
0.7806642217471563
0.442647956983488
0.05953154995084347
0.6474476771650126
0.9468244323259334
0.16217280512776822
0.24347632249979131
0.8455633874263444
0.190274457070173
0.7383172343197825
0.31121785021909415
0.7968479258924945
0.6462307566060828
0.20485213222208065
0.41727449205577116
0.2570060241301572
0.9377907868185038
0.09907051599541238
0.23287761455070116
0.23533197689584082
0.7098567391325984
0.4946546696567231
0.47555899968163995
0.7084736324420542
0.730711610396724
0.180145460264825
0.8015124433680961
0.8071538213673765
0.12211122462624276
0.43092393336394985
0.12918741122315983
0.005527153148095661
0.8012096117256254
0.18916760766374302
0.3095895365390878
0.19651827830659147
0.1338121374760811
0.24568810791042078
0.610656943922237
0.021340070302290876
0.10653356188281139
0.4815656451888222
0.655258909638626
0.0028271661153189682
0.47013555256190503
0.9132577157175437
0.8631954015526899
0.3052283498948572
0.6776777746517574
0.18386021497839142
0.1164372219314972
0.5411398553015384
0.361955260560827
0.9423825316794135
0.7471866969704566
0.4490494609107494
0.06652762278287096
0.3548793519636986
0.3811986396932968
0.8395366351304281
0.27291438089353703
0.8500801119255275
0.21708275713822
0.8017698190183238
0.23093383350918714
0.4070773219722683
0.02940892336396916
0.5981397021553199
0.8015627394437617
0.2349956898181679
0.47694321278340335
0.5258242676620485
0.06322431474142909
0.9008968835235093
0.1934645633182789
0.7279359366409183
0.1955975937636558
0.6914485654288197
0.9137018145591495
0.3002905847040427
0.32681424884442906
0.6506059694339549
0.40075054643710634
0.6296270655606068
0.7280816760510587
0.23058466065236585
0.5521543503516141
0.04264582276467505
0.5565106736293578
0.32672676273003537
0.42756374153660787
0.9293677135973087
0.5089030556887868
0.2594011534282012
0.5530771326986501
0.5862724965374323
0.9596803583948316
0.7305800769154821
0.8308927872362047
0.02573267883888105
0.1421402316271049
0.25112087198119654
0.8556114043368079
0.2180987420576153
0.8443778631484032
0.9638320365752243
0.13623752265062067
0.3214558681107386
0.9962095734645657
0.03232070805147323
0.15289835266438237
0.5563814624009568
0.08957155658377873
0.7086078555828929
0.20979684181967603
0.10335147758170565
0.8791743465136617
0.624880560964756
0.6095583297356769
0.9901346708601968
0.7906970925585819
0.7393548953064507
0.4001513376832713
0.7052213091893221
0.7378158777662627
0.11023565526597
0.1853153436376319
0.35695273212946615
0.4653326214595384
0.0709704733784173
0.8157204495816122
0.6418217539982041
0.37788724730624224
0.9953147196189104
0.8368307244204127
0.6558984977453475
0.8763846656663272
0.9641963792798093
0.7234242156722696
0.41031471612412235
0.30166202751065696
0.5277299669234687
0.0532333627591065
0.6276537448296574
0.47391667239084684
0.43169297856823213
0.25176846713375695
0.11567701358146826
0.8451225910545898
0.9125927961024423
0.766860660988307
0.130966566564034
0.8871346124853634
0.8748792809782919
0.2977721031279173
0.7571900876970915
0.32272322630636546
0.17285703456628
0.9819155489010343
0.04546100182713056
0.4480191974192947
0.3346786267751263
0.27199306211992774
0.37710159103251134
0.07090073035606217
0.4491550174770667
0.16184863548811929
0.595483647005392
0.5911245972808099
0.17543534197632007
0.4393925389458391
0.9172474545972643
0.4518808645437848
0.7412123930366767
0.06342427342358244
0.5531024297480949
0.8073863702860598
0.347480078389626
0.2108639456382319
0.6135199030924215
0.21924217428045448
0.038994691818484424
0.3127687700617913
0.661299652727926
0.595536829715379
0.15830719105820507
0.6464195706166418
0.31909323591696714
0.9495909479211974
0.7046471041183207
0.020362895457243034
0.9373266165784219
0.693108857000763
0.05763628383057019
0.16105678545360302
0.3720906308722173
0.18684283280132472
0.09038215274474684
0.8368951416746225
0.7653837757023907
0.8402369301022202
0.0768529642731198
0.7694384277655922
0.5623466729011138
0.03624760966573265
0.7083661745806998
0.5436131849622415
0.7520513123609365
0.2688989747636481
0.02241081605777648
0.7925019249285115
0.8604182241765868
0.24809922801707834
0.9978356123891825
0.5228456382280429
0.28180290585467727
0.9080685111265948
0.37510059186029276
0.48066968819157674
0.40651869559964104
0.06395529027281109
0.1858167588644739
0.5607671470198627
0.7909537957939105
0.13067676784967852
0.8982608718323805
0.9505442208380178
0.7200840719603394
0.17823759754106291
0.7070709046474988
0.01963823941519402
0.9574548108305106
0.30117359957712403
0.9508251873547329
0.2826188003097748
0.2921097531412308
0.42989388035139714
0.4074984422919799
0.35730787616097737
0.608490166537692
0.4288289409265057
0.001807463356204081
0.24806366732719526
0.2812855510419633
0.9348343466105099
0.38874523592588733
0.12128337850853958
0.46996398571411335
0.6315544059647035
0.7627303222020764
0.7553830164276916
0.09358598109967353
0.4888936623413552
0.3859748795563238
0.3934110633066907
0.34543687726624167
0.5835025187504955
0.2500826051691932
0.737434122123492
0.6825090230826796
0.39305322402764725
0.07217703856163521
0.05782840869288352
0.43511601418029333
0.4851204969385269
0.2515077196301463
0.5291342667905308
0.8401922457107307
0.9198927026800312
0.14065106778435923
0.3676930188050927
0.9097107406285175
0.6471608791719939
0.10279851132202825
0.18694002562525683
0.7819769567726073
0.8096803705253082
0.08116562714854518
0.9459880874240716
0.7909680473576151
0.818613999438758
0.31636690828780034
0.3470299604102177
0.4832189616203396
0.462496375414774
0.16253764655559214
0.8547368849882562
0.004175268115557389
0.5443672060707432
0.14940424084169987
0.892109669694728
0.025865834218387417
0.5696835557789
0.19492100327970507
0.03174931464332589
0.5711671479843404
0.8094003520949745
0.5643959765156712
0.9581823879658162
0.42204949791638624
0.7513139218796575
0.6743230529475599
0.24808883166317308
0.49599321302771254
0.08838606071117616
0.48353658918456016
0.7946965279032926
0.7960984198358368
0.46682389567923915
0.056268332552289746
0.12868063157828555
0.5427669154213587
0.9017743044075437
0.5474480565392636
0.8651372067933609
0.03810912232757971
0.5654438746000845
0.5412708206760095
0.6837848516571265
0.9785743411530621
0.7620217994609949
0.5542817816856698
0.7358837489671464
0.8444463931231044
0.2718424453734618
0.10668062237402454
0.5803226165381831
0.7530229146373565
0.16911245983518308
0.22754870412291434
0.003496717197586185
0.7900358446827326
0.8202586801816982
0.7067510507566627
0.5799710748623922
0.7837546825333287
0.622280566311572
0.10521642589253206
0.9020942584155567
0.9919479773342367
0.3208139009404992
0.007812298837961768
0.10747720725251232
0.03227128602204438
0.7672475701045467
0.8074565165710899
0.7335114030789172
0.3289380224090712
0.1672797082770987
0.7587982438312836
0.9500279798871036
0.8006171303804113
0.5895005928303584
0.783116514227873
0.8172582936553556
0.8750930376700559
0.6160213712677459
0.9676124653628154
0.6213155284623222
0.5218744047553625
0.39939194610314066
0.04863034470408705
0.4353692109861268
0.7071835113257093
0.455275203313341
0.5893391382830866
0.9895440628703424
0.28145881429382547
0.29842477724814076
0.2624225450039015
0.3986698833288019
0.19393816459641705
0.5891432336481024
0.5330314275496786
0.960039250534046
0.054662528938922345
0.6149344107205674
0.4989398925094585
0.32755132407301635
0.2299643285712061
0.6081044606902192
0.8104219775695456
0.8792792595360798
0.6891370661040475
0.3353179084767205
0.13076007977629084
0.9198108813352002
0.19105293144986635
0.31605401649887394
0.24343041714440586
0.6296659776147763
0.6064054428629603
0.7971324379542528
0.37991248973641195
0.7557920663411692
0.8388343545789059
0.37312987836689215
0.35235864825190916
0.7043097679057669
0.736806579277295
0.39038829430490185
0.433354391918217
0.4498522842535061
0.8196132009940283
0.5488251827418922
0.3403961338756588
0.261778311925837
0.3008949720770563
0.5011971315840246
0.28673869245068107
0.16342328682701257
0.6054784267234982
0.04913636997767555
0.8617151923765033
0.8540512061929568
0.9057741402209616
0.6235226060373348
0.059716028189154356
0.5523967186698675
0.7420069131730157
0.4157057746386648
0.5334475829887425
0.04827844959137889
0.44904022545043387
0.6207227178945778
0.9063154891628379
0.7549773793457902
0.5130784006384567
0.8074772189406106
0.7328354822158979
0.7015620436060996
0.101406910038277
0.01295445766903202
0.32462614184460886
0.02849298111558565
0.3846914304349066
0.44003852337600596
0.09956188318299217
0.9516631262151818
0.7307655330424968
0.7830454943622674
0.3890583610111188
0.23614436771541106
0.9247739906072495
0.765300602542842
0.82538534553041
0.17601409842074575
0.3765448678175662
0.19731442173817867
0.5644517236223685
0.6491509753508266
0.16673115974605604
0.2798121018706877
0.8099693999672166
0.032905817512844604
0.39671716252189
0.9341520941509642
0.4557367611935999
0.8691995762610806
0.1327456986218438
0.7676181750221263
0.69692649305655
0.3387463327212009
0.6242267850899262
0.051143075828972775
0.7274133403447519
0.9693517815178967
0.5798456503915813
0.7293900520211971
0.3872011152036493
0.5850319953565635
0.07944785667557636
0.02748958674608245
0.9498418201458835
0.814500261943089
0.7421442548474969
0.04532574352124973
0.9189655142458927
0.38433816348404537
0.38748953835456146
0.507505913035714
0.8179281469517984
0.20958151026143762
0.7090818298557223
0.08900896557094946
0.551777075301752
0.8312018908705571
0.9464742126625377
0.2567194333564115
0.10376754733909273
0.9632776053451363
0.37328761507444436
0.9664672585048094
0.3410352856577538
0.11427398543538246
0.11955095134654592
0.8439724491182586
0.3940913874628448
0.1853642189807092
0.7162144178134456
0.3861622728342946
0.4390719842347652
0.44375099634926346
0.30434477529690823
0.026648357057314533
0.34284351362979204
0.39924642369116026
0.024117995996083132
0.19978472692881932
0.8085535810368851
0.6899102314794018
0.6567837422046735
0.608019961792985
0.7315757091769836
0.8910576821728878
0.24537616746750482
0.5529798239250573
0.8890806864430573
0.8138152928155918
0.6779995014322919
0.7139336381638114
0.2906478053380958
0.8602114752215386
0.2681204188932294
0.44074039507691765
0.9796107578927701
0.7908942419061876
0.25595105358210907
0.013307461986927066
0.36449757095635754
0.6622476343355364
0.35555701067464285
0.09246227568595776
0.2465096368670974
0.26668121165907066
0.9687679950002431
0.3998866567387649
0.9288074369210785
0.46378761737783797
0.4920784456152834
0.11864829534601806
0.2718646476379897
0.1784061333995341
0.8424653289106048
0.6438918438013139
0.3031921332251244
0.3874629099794956
0.2221276202342136
0.3223563257243281
0.4621990390411574
0.8098135557071369
0.5101475392049866
0.33186496390582293
0.4536726979788731
0.23480413818489954
0.2305543232851449
0.08773929722967524
0.26361657365393665
0.03562684917618839
0.7436365837900138
0.08153612775799637
0.8304230062432695
0.348934368858549
0.41091917101802267
0.4793042109717169
0.49356781574597947
0.012033874174595753
0.887140281911539
0.14854815190124704
0.5678404250963779
0.22515982725897796
0.6900216181250389
0.033528513756361095
0.45488753330655746
0.876120240835529
0.20014537181712005
0.2172429842023379
0.5360904310532335
0.6211973706359032
0.8182779656808256
0.09568137912809913
0.6358518924731071
0.20670156935541964
0.6914543554612689
0.19319247090872027
0.5937632348359392
0.5451087656175293
0.9452251237562044
0.9619488357389108
0.2322499529608758
0.9374793744354878
0.06688337543368497
0.5274155594070514
0.8764681377804224
0.993478798770103
0.2150954316440483
0.871580889854385
0.08113416101836328
0.4270865174136527
0.8932820744315545
0.6190148855648073
0.4675410988123813
0.6763807724585668
0.5762673474737756
0.0011299066250817415
0.541722699320746
0.49641891172920305
0.6372880803594776
0.5329270323426123
0.9207782102379847
0.8849863977567229
0.1784061147730826
0.8415662114702008
0.24259387806178717
0.24908792052841183
0.7230118269673603
0.5038995414524803
0.7347654526749465
0.8631660723421565
0.8894780282347826
0.9939009211929054
0.5913669027347895
0.8717619110232973
0.8192070055842432
0.9413665570045666
0.7050731674325993
0.586865139001452
0.5671247390877105
0.6782805028736035
0.2781542117140043
0.7819536466998763
0.6844798497317731
0.5268264024177689
0.4372711081231344
0.5136602118209285
0.8920848080385871
0.8257688306392026
0.6872237849455437
0.9793231063426114
0.9056662641957711
0.41623899406578346
0.2724825494328898
0.005143675024222432
0.29033709424097887
0.8618761062910203
0.6215267738427626
0.7189001639927273
0.029816092937167776
0.2526221700257725
0.32476931406407117
0.93955918678062
0.46150508730742384
0.3120694166571225
0.9028114559607634
0.6117906820083925
0.7480112271141313
0.249944026232671
0.04809027726207407
0.3657737175774638
0.26312118175584875
0.12256453657642218
0.31274508047511107
0.5177796140861602
0.7397515530417448
0.5472168780617495
0.705920918707699
0.5086669393389798
0.8618288318914495
0.33954423216150337
0.13963066793029694
0.11197166336326472
0.9841622081511477
0.49394966405534635
0.44423361562389585
0.6008597810756694
0.10249230363522298
0.4059887758484058
0.4841989783962252
0.7688861641887976
0.9040315574519483
0.5073097629972313
0.3495696393538125
0.07606124788339308
0.5524965792673159
0.5623778126027332
0.5393921465330721
0.9983052979215539
